Subt_4:204		
176,795	7,44	
177,017	7,44	
177,239	7,44	
177,461	10,31	
177,683	7,85	
177,905	20,14	
178,127	-36,8	
178,349	20,55	
178,571	-16,73	
178,793	-9,35	
179,015	25,05	
179,237	42,26	
179,459	-24,92	
179,681	9,49	
179,903	-6,89	
180,124	-2,8	
180,346	-20	
180,568	13,58	
180,79	427,68	
181,012	659,51	
181,234	652,96	
181,455	716,04	
181,677	682,86	
181,899	701,7	
182,121	659,51	
182,342	668,93	
182,564	702,11	
182,786	682,04	
183,007	682,86	
183,229	691,87	
183,451	717,68	
183,673	723,41	
183,894	672,21	
184,116	695,97	
184,337	710,3	
184,559	731,6	
184,781	683,27	
185,002	677,54	
185,224	659,51	
185,445	646	
185,667	605,45	
185,889	650,91	
186,11	666,89	
186,332	694,33	
186,553	722,18	
186,775	752,9	
186,996	729,15	
187,218	730,37	
187,439	804,1	
187,661	807,79	
187,882	745,12	
188,103	796,32	
188,325	763,55	
188,546	829,91	
188,768	792,63	
188,989	795,5	
189,211	835,23	
189,432	811,88	
189,653	840,96	
189,875	802,87	
190,096	831,13	
190,317	768,06	
190,539	798,78	
190,76	761,09	
190,981	770,92	
191,202	720,13	
191,424	765,6	
191,645	676,72	
191,866	672,21	
192,087	698,02	
192,309	748,4	
192,53	754,54	
192,751	731,6	
192,972	766,01	
193,193	828,68	
193,415	858,17	
193,636	816,8	
193,857	817,62	
194,078	822,94	
194,299	812,7	
194,52	735,7	
194,741	781,57	
194,962	750,85	
195,183	757,41	
195,404	763,96	
195,625	758,64	
195,846	739,79	
196,067	807,38	
196,288	785,26	
196,509	823,76	
196,73	805,33	
196,951	759,05	
197,172	769,29	
197,393	710,3	
197,614	741,43	
197,835	760,68	
198,056	778,3	
198,277	768,47	
198,498	790,58	
198,719	785,26	
198,94	765,19	
199,161	800,41	
199,381	825,4	
199,602	821,3	
199,823	806,56	
200,044	828,68	
200,265	814,75	
200,485	806,56	
200,706	832,36	
200,927	821,3	
201,148	859,4	
201,368	910,19	
201,589	905,27	
201,81	951,96	
202,031	956,06	
202,251	957,7	
202,472	936,81	
202,693	1023,64	
202,913	936,4	
203,134	968,76	
203,355	1021,19	
203,575	1001,93	
203,796	956,06	
204,016	868,82	
204,237	872,5	
204,457	848,34	
204,678	791,4	
204,899	877,83	
205,119	856,53	
205,34	843,42	
205,56	862,26	
205,781	813,52	
206,001	872,91	
206,222	839,33	
206,442	843,42	
206,663	848,75	
206,883	872,91	
207,103	886,02	
207,324	868,41	
207,544	889,71	
207,765	856,94	
207,985	877,01	
208,205	802,87	
208,426	826,63	
208,646	831,13	
208,866	773,79	
209,087	810,24	
209,307	827,45	
209,527	874,96	
209,748	867,18	
209,968	915,51	
210,188	921,65	
210,408	865,13	
210,629	884,79	
210,849	935,58	
211,069	940,5	
211,289	883,15	
211,51	881,51	
211,73	998,66	
211,95	868,82	
212,17	911,82	
212,39	886,02	
212,61	934,76	
212,83	977,77	
213,051	941,31	
213,271	969,99	
213,491	869,64	
213,711	906,09	
213,931	865,13	
214,151	838,51	
214,371	870,05	
214,591	930,67	
214,811	877,01	
215,031	882,33	
215,251	875,37	
215,471	911,41	
215,691	937,63	
215,911	947,05	
216,131	956,88	
216,351	974,49	
216,571	974,08	
216,791	929,44	
217,011	940,91	
217,23	998,25	
217,45	1064,6	
217,67	1089,18	
217,89	1122,76	
218,11	1155,12	
218,33	1096,96	
218,549	1050,27	
218,769	1028,15	
218,989	1024,05	
219,209	947,05	
219,429	943,77	
219,648	954,01	
219,868	950,33	
220,088	925,75	
220,308	876,19	
220,527	852,02	
220,747	855,71	
220,967	880,69	
221,186	924,52	
221,406	876,6	
221,626	908,96	
221,845	930,67	
222,065	917,15	
222,285	1012,17	
222,504	960,98	
222,724	986,78	
222,943	974,9	
223,163	924,11	
223,382	979,41	
223,602	956,88	
223,821	985,14	
224,041	986,78	
224,26	1007,26	
224,48	953,6	
224,699	961,79	
224,919	957,7	
225,138	1019,96	
225,358	913,87	
225,577	919,2	
225,797	903,63	
226,016	849,57	
226,235	889,71	
226,455	874,55	
226,674	897,49	
226,894	909,78	
227,113	867,18	
227,332	922,06	
227,552	987,6	
227,771	929,03	
227,99	936,81	
228,21	955,24	
228,429	981,45	
228,648	994,15	
228,867	981,86	
229,087	911,41	
229,306	967,12	
229,525	927,39	
229,744	972,44	
229,963	1001,12	
230,183	1075,66	
230,402	1055,18	
230,621	979	
230,84	991,29	
231,059	997,43	
231,278	1012,58	
231,497	995,79	
231,716	981,05	
231,936	996,2	
232,155	972,85	
232,374	977,36	
232,593	1032,65	
232,812	1049,45	
233,031	1074,43	
233,25	1103,92	
233,469	1215,33	
233,688	1277,59	
233,907	1322,65	
234,126	1340,67	
234,345	1343,95	
234,564	1239,91	
234,783	1221,89	
235,001	1193,21	
235,22	1058,05	
235,439	1069,52	
235,658	1009,72	
235,877	1020,37	
236,096	947,87	
236,315	986,37	
236,534	924,11	
236,752	920,43	
236,971	981,45	
237,19	969,58	
237,409	874,96	
237,628	942,13	
237,846	944,18	
238,065	921,24	
238,284	945	
238,503	945,82	
238,721	1017,09	
238,94	954,83	
239,159	988,42	
239,377	976,95	
239,596	965,89	
239,815	945	
240,033	955,65	
240,252	940,91	
240,47	955,24	
240,689	976,54	
240,908	935,17	
241,126	913,46	
241,345	964,66	
241,563	927,39	
241,782	908,55	
242	926,16	
242,219	922,88	
242,437	933,94	
242,656	944,18	
242,874	979,82	
243,093	987,19	
243,311	950,33	
243,53	1024,05	
243,748	1015,86	
243,967	1030,2	
244,185	1053,95	
244,403	1058,05	
244,622	1092,45	
244,84	1060,1	
245,059	1116,62	
245,277	1079,76	
245,495	1082,62	
245,714	1155,94	
245,932	1113,75	
246,15	1167,82	
246,368	1193,62	
246,587	1214,51	
246,805	1219,84	
247,023	1195,26	
247,242	1256,29	
247,46	1242,37	
247,678	1268,99	
247,896	1255,88	
248,114	1322,65	
248,333	1310,36	
248,551	1337,8	
248,769	1461,5	
248,987	1520,07	
249,205	1543,83	
249,423	1587,24	
249,641	1594,21	
249,859	1594,62	
250,078	1638,44	
250,296	1635,99	
250,514	1575,37	
250,732	1618,37	
250,95	1563,49	
251,168	1591,34	
251,386	1588,47	
251,604	1588,47	
251,822	1567,99	
252,04	1627,79	
252,258	1622,06	
252,476	1696,2	
252,694	1684,32	
252,911	1703,16	
253,129	1629,02	
253,347	1669,98	
253,565	1644,18	
253,783	1606,49	
254,001	1630,66	
254,219	1604,45	
254,437	1597,07	
254,654	1548,33	
254,872	1583,56	
255,09	1536,45	
255,308	1615,51	
255,526	1604,04	
255,743	1526,62	
255,961	1570,86	
256,179	1513,93	
256,397	1590,93	
256,614	1604,45	
256,832	1629,02	
257,05	1647,45	
257,267	1625,75	
257,485	1659,33	
257,703	1652,78	
257,92	1570,86	
258,138	1632,3	
258,356	1697,02	
258,573	1710,12	
258,791	1762,96	
259,008	1821,12	
259,226	1873,55	
259,443	1901,4	
259,661	1952,6	
259,878	1948,1	
260,096	1992,74	
260,314	1908,37	
260,531	1923,93	
260,748	1876,42	
260,966	1903,86	
261,183	1882,15	
261,401	1846,11	
261,618	1855,94	
261,836	1851,84	
262,053	1836,28	
262,271	1833,82	
262,488	1896,9	
262,705	1939,09	
262,923	2053,77	
263,14	2049,27	
263,357	2129,14	
263,575	2145,52	
263,792	2173,78	
264,009	2175,83	
264,227	2119,31	
264,444	2076,71	
264,661	2084,08	
264,878	2086,54	
265,096	2107,84	
265,313	2119,72	
265,53	2044,35	
265,747	2105,38	
265,964	2147,98	
266,182	2134,87	
266,399	2124,22	
266,616	2229,9	
266,833	2201,23	
267,05	2234,4	
267,267	2218,84	
267,484	2175,83	
267,701	2130,77	
267,918	2163,95	
268,136	2116,85	
268,353	2174,19	
268,57	2231,94	
268,787	2246,28	
269,004	2301,58	
269,221	2301,17	
269,438	2268,81	
269,655	2224,16	
269,872	2166	
270,089	2160,68	
270,305	2166,41	
270,522	2164,77	
270,739	2278,23	
270,956	2359,33	
271,173	2328,61	
271,39	2321,24	
271,607	2314,27	
271,824	2273,72	
272,041	2172,14	
272,257	2103,74	
272,474	2127,5	
272,691	2045,58	
272,908	2084,49	
273,125	2008,31	
273,341	1997,25	
273,558	1973,49	
273,775	1907,14	
273,992	1953,42	
274,208	1924,75	
274,425	1921,88	
274,642	1928,03	
274,858	1946,87	
275,075	1965,3	
275,292	1928,85	
275,508	1938,27	
275,725	1960,38	
275,942	1968,99	
276,158	1973,08	
276,375	1982,5	
276,591	1966,12	
276,808	2011,99	
277,024	1952,6	
277,241	1867,41	
277,458	1925,16	
277,674	1860,03	
277,891	1911,23	
278,107	1897,31	
278,324	1905,09	
278,54	1894,03	
278,756	1941,13	
278,973	1893,21	
279,189	1948,51	
279,406	1866,59	
279,622	1912,46	
279,839	1837,92	
280,055	1742,48	
280,271	1696,2	
280,488	1656,47	
280,704	1641,31	
280,92	1563,9	
281,137	1615,51	
281,353	1580,69	
281,569	1543,01	
281,786	1501,23	
282,002	1477,47	
282,218	1466,41	
282,434	1468,46	
282,651	1446,34	
282,867	1413,99	
283,083	1410,3	
283,299	1378,35	
283,515	1338,21	
283,732	1319,37	
283,948	1318,14	
284,164	1335,75	
284,38	1380,81	
284,596	1368,93	
284,812	1405,38	
285,028	1420,54	
285,244	1419,72	
285,46	1505,73	
285,676	1533,18	
285,893	1578,64	
286,109	1656,87	
286,325	1648,27	
286,541	1631,89	
286,757	1574,96	
286,973	1436,92	
287,189	1410,71	
287,404	1382,04	
287,62	1348,04	
287,836	1390,23	
288,052	1316,5	
288,268	1360,33	
288,484	1375,48	
288,7	1402,52	
288,916	1411,12	
289,132	1410,3	
289,348	1321,83	
289,563	1372,21	
289,779	1355,41	
289,995	1368,52	
290,211	1389,41	
290,427	1364,83	
290,642	1389	
290,858	1363,61	
291,074	1364,02	
291,29	1386,13	
291,505	1398,83	
291,721	1415,62	
291,937	1450,44	
292,152	1476,24	
292,368	1586,02	
292,584	1537,68	
292,799	1699,06	
293,015	1773,61	
293,231	1996,43	
293,446	2104,56	
293,662	2284,37	
293,877	2333,93	
294,093	2298,3	
294,308	2203,68	
294,524	2096,78	
294,74	1867	
294,955	1750,26	
295,171	1559,39	
295,386	1457,81	
295,602	1450,44	
295,817	1424,64	
296,032	1496,31	
296,248	1477,47	
296,463	1442,25	
296,679	1443,48	
296,894	1434,06	
297,11	1399,24	
297,325	1416,85	
297,54	1361,97	
297,756	1357,05	
297,971	1353,37	
298,186	1297,66	
298,402	1309,13	
298,617	1335,75	
298,832	1318,55	
299,048	1323,06	
299,263	1323,06	
299,478	1332,07	
299,693	1302,58	
299,909	1356,23	
300,124	1332,89	
300,339	1361,56	
300,554	1420,54	
300,769	1432,01	
300,984	1472,56	
301,2	1564,72	
301,415	1609,36	
301,63	1531,95	
301,845	1545,47	
302,06	1530,72	
302,275	1551,61	
302,49	1495,9	
302,705	1477,06	
302,92	1514,75	
303,135	1487,71	
303,35	1494,68	
303,565	1455,76	
303,78	1440,2	
303,995	1407,43	
304,21	1392,28	
304,425	1416,44	
304,64	1433,65	
304,855	1458,63	
305,07	1481,16	
305,285	1514,75	
305,5	1493,86	
305,715	1481,16	
305,93	1510,65	
306,145	1437,74	
306,359	1434,47	
306,574	1432,42	
306,789	1467,23	
307,004	1569,63	
307,219	1561,85	
307,434	1623,29	
307,648	1622,88	
307,863	1674,08	
308,078	1630,66	
308,293	1592,57	
308,507	1568,4	
308,722	1565,54	
308,937	1528,67	
309,151	1470,51	
309,366	1440,61	
309,581	1490,99	
309,795	1520,07	
310,01	1545,88	
310,225	1529,08	
310,439	1583,97	
310,654	1627,79	
310,868	1604,45	
311,083	1615,51	
311,297	1607,31	
311,512	1655,65	
311,727	1612,23	
311,941	1647,45	
312,156	1671,21	
312,37	1708,89	
312,585	1696,2	
312,799	1699,06	
313,013	1677,35	
313,228	1586,02	
313,442	1574,96	
313,657	1587,65	
313,871	1602,81	
314,086	1603,22	
314,3	1620,01	
314,514	1608,54	
314,729	1581,92	
314,943	1568,81	
315,157	1589,29	
315,372	1726,92	
315,586	1795,32	
315,8	1940,72	
316,014	2035,34	
316,229	2005,44	
316,443	2048,45	
316,657	1949,73	
316,871	1855,94	
317,086	1795,32	
317,3	1784,26	
317,514	1710,12	
317,728	1732,24	
317,942	1722,41	
318,157	1795,32	
318,371	1775,66	
318,585	1821,94	
318,799	1850,2	
319,013	1758,86	
319,227	1792,04	
319,441	1769,92	
319,655	1710,94	
319,869	1680,63	
320,083	1697,42	
320,297	1740,84	
320,511	1740,43	
320,725	1736,34	
320,939	1692,1	
321,153	1682,27	
321,367	1733,88	
321,581	1734,7	
321,795	1702,34	
322,009	1777,3	
322,223	1726,92	
322,437	1777,71	
322,651	1839,96	
322,865	1830,95	
323,078	1856,35	
323,292	1914,1	
323,506	1844,06	
323,72	1881,33	
323,934	1944,41	
324,147	1989,47	
324,361	2008,31	
324,575	1998,48	
324,789	2038,62	
325,003	2061,55	
325,216	1957,93	
325,43	1983,73	
325,644	2008,31	
325,857	2043,53	
326,071	2070,16	
326,285	2234,81	
326,498	2221,3	
326,712	2323,28	
326,926	2428,14	
327,139	2541,19	
327,353	2616,14	
327,566	2752,95	
327,78	2944,64	
327,993	3283,37	
328,207	4261,07	
328,421	7858,53	
328,634	16352,28	
328,848	34523,09	
329,061	61217,95	
329,275	64031,86	
329,488	64003,6	
329,701	64042,1	
329,915	64059,3	
330,128	64038,41	
330,342	64027,35	
330,555	64093,71	
330,769	64033,09	
330,982	64056,03	
331,195	64092,89	
331,409	64022,44	
331,622	29004,22	
331,835	3992,79	
332,049	2940,95	
332,262	2689,87	
332,475	2576,41	
332,688	2472,38	
332,902	2372,44	
333,115	2220,07	
333,328	2229,49	
333,541	2215,56	
333,755	2174,19	
333,968	2199,18	
334,181	2131,59	
334,394	2059,92	
334,607	2090,23	
334,821	2048,45	
335,034	2108,25	
335,247	2068,52	
335,46	2083,26	
335,673	2075,89	
335,886	2057,05	
336,099	2078,35	
336,312	1996,02	
336,525	2054,59	
336,738	2070,97	
336,951	2007,08	
337,164	2073,84	
337,377	2107,43	
337,59	2086,95	
337,803	2066,06	
338,016	2053,36	
338,229	2042,71	
338,442	1984,55	
338,655	1884,61	
338,868	1845,7	
339,081	1857,99	
339,294	1793,68	
339,506	1774,02	
339,719	1774,02	
339,932	2110,7	
340,145	2212,69	
340,358	2058,28	
340,571	1754,77	
340,783	1802,69	
340,996	1905,09	
341,209	1906,32	
341,422	2041,89	
341,634	1979,23	
341,847	2048,04	
342,06	2036,16	
342,272	2014,86	
342,485	2027,97	
342,698	1993,15	
342,91	1971,85	
343,123	1939,09	
343,336	1963,66	
343,548	1924,75	
343,761	1898,94	
343,973	1852,66	
344,186	1865,36	
344,399	1834,64	
344,611	1786,31	
344,824	1817,85	
345,036	1774,84	
345,249	1884,61	
345,461	1890,75	
345,674	1944,41	
345,886	1998,48	
346,099	1966,94	
346,311	2033,29	
346,523	1992,74	
346,736	1968,17	
346,948	1944,82	
347,161	1963,25	
347,373	1887,48	
347,585	1879,28	
347,798	1823,99	
348,01	1818,66	
348,222	1810,47	
348,435	1813,34	
348,647	1852,66	
348,859	1896,9	
349,072	1860,44	
349,284	1860,03	
349,496	1936,22	
349,708	2006,26	
349,921	2029,61	
350,133	2002,98	
350,345	2005,03	
350,557	2049,27	
350,769	2039,03	
350,981	2009,54	
351,194	1876,01	
351,406	1882,97	
351,618	1867	
351,83	1865,36	
352,042	1919,42	
352,254	2013,22	
352,466	2058,69	
352,678	2149,62	
352,89	2194,26	
353,102	2360,15	
353,314	2390,87	
353,526	2437,56	
353,738	2354,41	
353,95	2372,03	
354,162	2384,31	
354,374	2350,32	
354,586	2288,88	
354,798	2268,4	
355,01	2273,31	
355,222	2193,03	
355,434	2232,76	
355,646	2230,72	
355,857	2172,96	
356,069	2207,37	
356,281	2070,97	
356,493	2080,39	
356,705	2019,37	
356,916	1954,24	
357,128	1920,24	
357,34	1931,71	
357,552	1975,95	
357,764	2042,3	
357,975	2067,29	
358,187	2147,16	
358,399	2155,35	
358,61	2160,27	
358,822	2060,73	
359,034	2109,48	
359,245	2093,5	
359,457	2152,89	
359,669	2090,63	
359,88	2143,88	
360,092	2098,83	
360,303	2075,07	
360,515	2041,89	
360,726	2045,99	
360,938	2024,69	
361,149	1972,67	
361,361	1925,57	
361,573	1885,43	
361,784	1911,64	
361,995	1911,64	
362,207	1914,1	
362,418	1971,85	
362,63	1986,6	
362,841	2077,53	
363,053	2154,53	
363,264	2175,83	
363,475	2178,29	
363,687	2161,49	
363,898	2146,34	
364,109	2149,21	
364,321	2037,39	
364,532	2081,62	
364,743	2076,71	
364,955	2153,71	
365,166	2100,47	
365,377	2148,39	
365,588	2157,4	
365,8	2123,4	
366,011	2120,13	
366,222	2139,79	
366,433	2127,09	
366,645	2093,91	
366,856	2129,14	
367,067	2072,61	
367,278	2066,88	
367,489	2039,85	
367,7	2070,97	
367,911	2066,47	
368,122	2106,2	
368,333	2109,89	
368,545	2161,49	
368,756	2140,2	
368,967	2201,23	
369,178	2295,02	
369,389	2369,98	
369,6	2421,59	
369,811	2437,56	
370,022	2389,23	
370,233	2412,17	
370,444	2180,75	
370,654	2156,58	
370,865	2150,03	
371,076	2168,87	
371,287	2109,89	
371,498	2159,86	
371,709	2118,08	
371,92	2179,52	
372,131	2183,2	
372,341	2174,19	
372,552	2163,13	
372,763	2165,18	
372,974	2131,59	
373,185	2062,37	
373,395	2073,43	
373,606	2145,11	
373,817	2095,96	
374,028	2241,37	
374,238	2300,76	
374,449	2289,7	
374,66	2275,77	
374,87	2281,1	
375,081	2207,78	
375,292	2233,99	
375,502	2226,62	
375,713	2211,46	
375,923	2311,41	
376,134	2274,13	
376,345	2261,03	
376,555	2280,69	
376,766	2305,26	
376,976	2265,53	
377,187	2162,31	
377,397	2203,68	
377,608	2145,93	
377,818	2135,69	
378,029	2099,24	
378,239	2041,07	
378,449	2094,32	
378,66	2008,72	
378,87	2065,24	
379,081	2112,34	
379,291	2061,14	
379,501	2091,86	
379,712	2133,23	
379,922	2090,63	
380,133	2194,26	
380,343	2177,88	
380,553	2209,42	
380,763	2200,82	
380,974	2151,25	
381,184	2047,22	
381,394	1980,04	
381,604	1939,49	
381,815	1946,46	
382,025	2039,44	
382,235	2043,12	
382,445	2086,54	
382,655	2150,85	
382,866	2209,01	
383,076	2141,42	
383,286	2134,87	
383,496	2239,32	
383,706	2164,36	
383,916	2222,11	
384,126	2228,67	
384,336	2292,15	
384,546	2309,77	
384,756	2273,31	
384,966	2314,68	
385,176	2313,45	
385,386	2278,64	
385,596	2355,23	
385,806	2332,7	
386,016	2244,23	
386,226	2272,9	
386,436	2167,64	
386,646	2059,1	
386,856	1981,27	
387,066	1891,98	
387,276	1898,94	
387,486	1916,97	
387,696	1871,5	
387,905	1937,45	
388,115	2011,99	
388,325	2041,89	
388,535	2021,41	
388,745	2100,87	
388,954	2218,02	
389,164	2202,45	
389,374	2273,31	
389,584	2313,45	
389,793	2285,6	
390,003	2314,27	
390,213	2269,63	
390,422	2311,41	
390,632	2324,1	
390,842	2229,49	
391,051	2204,91	
391,261	2202,45	
391,47	2077,94	
391,68	2084,49	
391,89	1991,92	
392,099	1944,82	
392,309	2002,16	
392,518	2008,31	
392,728	1993,97	
392,937	2061,96	
393,147	2097,6	
393,356	2272,9	
393,566	2372,84	
393,775	2644,41	
393,985	2873,78	
394,194	2955,29	
394,404	2985,19	
394,613	2908,18	
394,822	2876,24	
395,032	2532,18	
395,241	2453,13	
395,45	2299,12	
395,66	2206,14	
395,869	2077,53	
396,078	2045,99	
396,288	2007,9	
396,497	2015,68	
396,706	1972,67	
396,916	1988,65	
397,125	2047,22	
397,334	2068,93	
397,543	2039,44	
397,752	2121,35	
397,962	2188,94	
398,171	2193,44	
398,38	2267,99	
398,589	2265,94	
398,798	2273,31	
399,007	2233,17	
399,216	2259,39	
399,426	2291,34	
399,635	2220,07	
399,844	2266,76	
400,053	2276,18	
400,262	2177,88	
400,471	2199,59	
400,68	2179,11	
400,889	2137,33	
401,098	2165,18	
401,307	2150,44	
401,516	2222,52	
401,725	2209,01	
401,934	2209,42	
402,143	2269,22	
402,351	2261,84	
402,56	2262,66	
402,769	2299,94	
402,978	2443,29	
403,187	2623,52	
403,396	2907,36	
403,605	3166,23	
403,813	3364,47	
404,022	3467,28	
404,231	3436,97	
404,44	3226,03	
404,649	2995,43	
404,857	2800,87	
405,066	2602,22	
405,275	2462,96	
405,483	2361,38	
405,692	2292,97	
405,901	2216,38	
406,109	2188,53	
406,318	2216,79	
406,527	2145,11	
406,735	2172,96	
406,944	2162,31	
407,153	2129,14	
407,361	2147,57	
407,57	2159,86	
407,778	2129,14	
407,987	2167,23	
408,195	2216,79	
408,404	2188,12	
408,612	2205,32	
408,821	2226,62	
409,029	2266,35	
409,238	2331,89	
409,446	2387,18	
409,655	2440,02	
409,863	2487,94	
410,071	2458,45	
410,28	2481,8	
410,488	2476,88	
410,696	2461,32	
410,905	2475,65	
411,113	2557,16	
411,321	2569,45	
411,53	2559,21	
411,738	2582,56	
411,946	2596,48	
412,155	2574,77	
412,363	2602,22	
412,571	2550,2	
412,779	2537,5	
412,988	2591,16	
413,196	2553,07	
413,404	2502,69	
413,612	2480,16	
413,82	2404,79	
414,028	2369,98	
414,237	2503,1	
414,445	3035,57	
414,653	3953,88	
414,861	5098,69	
415,069	6185,75	
415,277	7150,76	
415,485	7401,02	
415,693	7030,74	
415,901	6470,83	
416,109	5661,88	
416,317	4832,05	
416,525	4179,15	
416,733	3743,35	
416,941	3312,86	
417,149	3200,63	
417,357	3167,46	
417,565	3208,42	
417,773	3434,51	
417,98	3807,65	
418,188	4032,93	
418,396	4541,64	
418,604	5344,45	
418,812	6415,54	
419,02	7356,78	
419,227	8565,08	
419,435	8841,56	
419,643	8724,42	
419,851	7996,16	
420,059	6874,69	
420,266	5872,82	
420,474	4866,04	
420,682	4139,83	
420,889	3574,18	
421,097	3188,76	
421,305	2861,49	
421,512	2682,5	
421,72	2521,94	
421,928	2465	
422,135	2321,65	
422,343	2478,11	
422,55	2360,15	
422,758	2339,67	
422,966	2336,39	
423,173	2287,65	
423,381	2354,82	
423,588	2316,73	
423,796	2380,22	
424,003	2576,82	
424,211	2648,91	
424,418	2786,53	
424,625	3074,07	
424,833	3375,94	
425,04	3789,63	
425,248	4055,05	
425,455	4395,83	
425,662	4537,96	
425,87	4690,33	
426,077	4839,42	
426,284	5059,78	
426,492	5012,68	
426,699	4981,96	
426,906	4625,2	
427,114	4155,81	
427,321	3769,15	
427,528	3251,01	
427,735	3005,67	
427,943	2781,21	
428,15	2748,03	
428,357	2741,89	
428,564	2752,13	
428,771	3068,74	
428,979	3353	
429,186	3585,65	
429,393	3677,4	
429,6	3750,31	
429,807	3583,6	
430,014	3292,79	
430,221	3135,51	
430,428	2984,78	
430,635	2798,41	
430,842	2721,82	
431,049	2655,87	
431,256	2636,62	
431,463	2600,58	
431,67	2628,02	
431,877	2702,16	
432,084	2857,8	
432,291	3201,86	
432,498	3430,83	
432,705	3740,07	
432,912	3971,9	
433,119	4009,99	
433,326	3903,5	
433,532	3812,98	
433,739	3682,73	
433,946	3501,28	
434,153	3213,33	
434,36	3060,55	
434,566	2878,69	
434,773	2689,46	
434,98	2539,14	
435,187	2495,72	
435,393	2417,08	
435,6	2376,53	
435,807	2334,75	
436,014	2317,55	
436,22	2416,26	
436,427	2368,75	
436,633	2366,7	
436,84	2384,72	
437,047	2437,97	
437,253	2444,11	
437,46	2512,11	
437,666	2562,08	
437,873	2583,79	
438,08	2652,6	
438,286	2687	
438,493	2741,89	
438,699	2715,27	
438,906	2671,03	
439,112	2673,08	
439,319	2539,55	
439,525	2475,65	
439,731	2434,69	
439,938	2430,19	
440,144	2401,93	
440,351	2366,7	
440,557	2367,52	
440,763	2382,27	
440,97	2414,21	
441,176	2407,66	
441,382	2400,7	
441,589	2374,07	
441,795	2407,25	
442,001	2391,28	
442,208	2378,99	
442,414	2354,82	
442,62	2277,41	
442,826	2372,03	
443,032	2331,07	
443,239	2353,59	
443,445	2388,82	
443,651	2347,04	
443,857	2340,49	
444,063	2343,35	
444,269	2293,79	
444,476	2256,93	
444,682	2285,19	
444,888	2313,45	
445,094	2345,81	
445,3	2326,15	
445,506	2379,81	
445,712	2332,3	
445,918	2365,06	
446,124	2335,57	
446,33	2390,87	
446,536	2360,56	
446,742	2408,89	
446,948	2363,83	
447,154	2422	
447,36	2349,5	
447,566	2286,42	
447,771	2344,58	
447,977	2397,83	
448,183	2405,61	
448,389	2583,38	
448,595	2753,36	
448,801	2888,52	
449,006	3043,35	
449,212	3074,07	
449,418	3008,53	
449,624	3039,66	
449,83	2952,01	
450,035	2939,72	
450,241	3031,06	
450,447	3042,53	
450,652	3076,53	
450,858	3040,07	
451,064	2987,24	
451,269	2920,47	
451,475	2937,27	
451,681	2800,87	
451,886	2817,25	
452,092	2749,67	
452,297	2663,66	
452,503	2586,24	
452,709	2484,25	
452,914	2471,56	
453,12	2453,53	
453,325	2401,11	
453,531	2469,92	
453,736	2520,71	
453,942	2591,98	
454,147	2679,22	
454,352	2739,84	
454,558	2968,39	
454,763	3108,07	
454,969	3135,92	
455,174	3117,49	
455,379	2927,43	
455,585	2828,31	
455,79	2680,45	
455,995	2544,87	
456,201	2483,44	
456,406	2430,6	
456,611	2363,42	
456,817	2297,07	
457,022	2331,89	
457,227	2294,61	
457,432	2267,17	
457,638	2328,61	
457,843	2325,74	
458,048	2333,93	
458,253	2396,19	
458,458	2462,14	
458,663	2537,09	
458,869	2532,59	
459,074	2616,96	
459,279	2567,4	
459,484	2558,39	
459,689	2562,9	
459,894	2548,15	
460,099	2562,9	
460,304	2540,37	
460,509	2560,44	
460,714	2503,1	
460,919	2525,62	
461,124	2562,9	
461,329	2663,25	
461,534	2655,46	
461,739	2656,69	
461,944	2680,04	
462,149	2730,83	
462,354	2668,16	
462,558	2663,25	
462,763	2630,07	
462,968	2587,88	
463,173	2560,85	
463,378	2547,74	
463,583	2540,37	
463,787	2504,73	
463,992	2562,9	
464,197	2564,94	
464,402	2595,25	
464,606	2538,32	
464,811	2632,53	
465,016	2764,01	
465,221	2967,57	
465,425	3620,06	
465,63	4416,31	
465,835	5349,36	
466,039	6207,05	
466,244	6385,63	
466,448	6563,4	
466,653	6005,53	
466,858	5358,37	
467,062	4655,1	
467,267	4184,07	
467,471	3722,87	
467,676	3321,46	
467,88	2991,33	
468,085	2803,74	
468,289	2642,36	
468,494	2589,93	
468,698	2532,18	
468,903	2528,9	
469,107	2599,35	
469,311	2662,43	
469,516	2759,5	
469,72	2865,18	
469,925	2825,04	
470,129	2763,6	
470,333	2719,36	
470,538	2638,67	
470,742	2636,21	
470,946	2635,39	
471,15	2607,95	
471,355	2580,1	
471,559	2572,73	
471,763	2616,14	
471,967	2543,65	
472,172	2592,8	
472,376	2641,54	
472,58	2577,23	
472,784	2654,65	
472,988	2650,14	
473,193	2573,55	
473,397	2651,37	
473,601	2776,29	
473,805	3077,35	
474,009	3390,69	
474,213	3599,17	
474,417	3853,94	
474,621	3946,91	
474,825	3894,08	
475,029	3812,98	
475,233	3629,07	
475,437	3457,45	
475,641	3233,4	
475,845	3131	
476,049	3028,6	
476,253	2884,84	
476,457	2831,59	
476,661	2733,29	
476,865	2668,16	
477,068	2723,05	
477,272	2750,49	
477,476	2737,79	
477,68	2768,92	
477,884	2816,84	
478,088	2822,99	
478,291	2778,34	
478,495	2773,02	
478,699	2793,09	
478,903	2826,27	
479,106	2870,91	
479,31	2826,67	
479,514	2875,42	
479,717	2871,32	
479,921	2972,9	
480,125	2941,77	
480,328	2934,4	
480,532	2966,76	
480,736	3006,49	
480,939	2864,77	
481,143	2918,01	
481,346	2868,86	
481,55	2950,37	
481,753	2896,31	
481,957	3006,9	
482,161	2916,38	
482,364	3009,76	
482,568	3068,34	
482,771	3002,8	
482,974	3007,31	
483,178	3101,1	
483,381	3117,49	
483,585	3114,62	
483,788	3153,53	
483,991	3070,79	
484,195	3103,97	
484,398	3102,74	
484,602	3076,12	
484,805	2986,42	
485,008	3079,39	
485,211	3122,4	
485,415	3150,66	
485,618	3086,36	
485,821	3077,76	
486,025	3079,39	
486,228	3125,68	
486,431	3108,88	
486,634	3050,31	
486,837	3005,26	
487,041	3000,75	
487,244	3085,95	
487,447	3056,46	
487,65	3155,99	
487,853	3121,58	
488,056	3280,91	
488,259	3241,18	
488,462	3305,49	
488,665	3276,82	
488,868	3268,22	
489,071	3149,03	
489,274	3213,74	
489,477	3210,87	
489,68	3119,94	
489,883	3176,47	
490,086	3115,44	
490,289	3236,68	
490,492	3151,89	
490,695	3242,41	
490,898	3234,22	
491,101	3251,42	
491,304	3289,93	
491,507	3322,69	
491,709	3302,62	
491,912	3388,23	
492,115	3491,85	
492,318	3647,09	
492,521	3960,84	
492,723	4037,43	
492,926	4195,95	
493,129	4139,42	
493,332	4046,85	
493,534	3963,71	
493,737	3874,01	
493,94	3758,91	
494,142	3752,77	
494,345	3646,68	
494,548	3667,98	
494,75	3626,2	
494,953	3585,24	
495,155	3445,98	
495,358	3400,93	
495,561	3489,4	
495,763	3457,04	
495,966	3569,68	
496,168	3853,12	
496,371	5019,64	
496,573	8060,87	
496,776	13945,51	
496,978	23229,77	
497,181	34145,03	
497,383	43881,89	
497,585	50028,26	
497,788	50462,84	
497,99	47402,35	
498,193	40471,21	
498,395	32881,44	
498,597	26114,95	
498,8	21065,88	
499,002	16764,33	
499,204	13354,87	
499,406	10359,51	
499,609	8004,35	
499,811	6265,62	
500,013	5221,57	
500,216	4590,39	
500,418	4237,32	
500,62	4082,9	
500,822	3937,49	
501,024	3814,61	
501,226	3792,91	
501,429	3756,86	
501,631	3691,74	
501,833	3624,97	
502,035	3614,73	
502,237	3672,08	
502,439	3673,71	
502,641	3684,77	
502,843	3668,8	
503,045	3698,7	
503,247	3751,13	
503,449	3682,73	
503,651	3751,95	
503,853	3744,98	
504,055	3725,32	
504,257	3778,98	
504,459	3797	
504,661	3806,01	
504,863	3833,87	
505,065	3835,91	
505,267	3753,59	
505,468	3842,06	
505,67	3784,71	
505,872	3753,59	
506,074	3791,68	
506,276	3827,72	
506,477	3798,23	
506,679	3837,96	
506,881	3773,25	
507,083	3812,98	
507,284	3813,8	
507,486	3888,34	
507,688	3961,25	
507,89	3956,74	
508,091	3989,1	
508,293	3965,35	
508,494	3868,27	
508,696	3917,01	
508,898	3964,53	
509,099	3904,32	
509,301	3839,19	
509,502	4035,39	
509,704	4069,38	
509,905	4030,47	
510,107	4063,65	
510,309	4072,25	
510,51	4032,52	
510,711	3984,6	
510,913	4029,24	
511,114	4055,46	
511,316	4042,35	
511,517	3928,89	
511,719	4022,28	
511,92	4103,38	
512,121	4028,42	
512,323	4063,24	
512,524	4095,19	
512,725	4094,37	
512,927	4109,52	
513,128	4132,46	
513,329	4327,84	
513,531	4879,97	
513,732	6184,93	
513,933	8176,38	
514,134	10604,86	
514,336	13475,29	
514,537	15633,03	
514,738	16633,26	
514,939	16449,76	
515,14	15033,39	
515,341	13107,89	
515,542	11218,02	
515,744	9856,53	
515,945	8653,56	
516,146	7742,62	
516,347	6850,11	
516,548	6052,64	
516,749	5607	
516,95	5194,13	
517,151	5002,85	
517,352	4841,47	
517,553	4801,33	
517,754	4913,15	
517,955	4911,1	
518,156	4903,72	
518,357	4985,23	
518,558	4938,95	
518,758	4899,63	
518,959	4811,98	
519,16	4687,05	
519,361	4734,56	
519,562	4798,05	
519,763	4808,29	
519,963	4793,95	
520,164	4786,17	
520,365	4730,88	
520,566	4742,34	
520,767	4717,36	
520,967	4876,28	
521,168	4861,95	
521,369	5002,03	
521,569	5001,21	
521,77	5001,62	
521,971	5051,59	
522,171	4984,41	
522,372	4990,56	
522,573	4898,4	
522,773	4900,45	
522,974	4864,4	
523,174	4803,37	
523,375	4810,34	
523,575	4826,31	
523,776	4926,66	
523,976	4941,41	
524,177	4893,89	
524,377	5001,62	
524,578	5009,81	
524,778	5196,99	
524,979	5149,07	
525,179	5157,26	
525,38	5143,75	
525,58	5190,03	
525,78	5197,81	
525,981	5183,48	
526,181	5162,18	
526,381	5165,05	
526,582	5046,26	
526,782	5095,41	
526,982	5226,89	
527,183	5087,63	
527,383	5113,03	
527,583	5107,7	
527,783	5192,49	
527,984	5195,76	
528,184	5180,61	
528,384	5172,83	
528,584	5201,91	
528,784	5241,23	
528,984	5275,23	
529,184	5311,68	
529,385	5241,64	
529,585	5357,14	
529,785	5358,37	
529,985	5301,44	
530,185	5329,7	
530,385	5281,78	
530,585	5375,58	
530,785	5401,79	
530,985	5435,79	
531,185	5464,46	
531,385	5599,21	
531,585	5583,65	
531,785	5510,74	
531,985	5472,65	
532,185	5549,65	
532,384	5541,05	
532,584	5559,48	
532,784	5594,3	
532,984	5716,77	
533,184	5768,38	
533,384	5856,44	
533,583	5898,63	
533,783	5827,77	
533,983	5867,09	
534,183	5894,94	
534,383	5804,42	
534,582	5877,33	
534,782	5881,42	
534,982	5871,19	
535,181	5829,41	
535,381	5928,12	
535,581	5958,43	
535,78	5973,17	
535,98	5996,93	
536,18	6017,82	
536,379	5948,19	
536,579	6090,73	
536,778	5988,74	
536,978	6022,73	
537,177	6055,5	
537,377	6090,73	
537,576	6080,49	
537,776	6188,62	
537,975	6150,94	
538,175	6219,34	
538,374	6154,62	
538,574	6235,72	
538,773	6225,07	
538,972	6234,49	
539,172	6241,46	
539,371	6325,83	
539,571	6346,31	
539,77	6388,91	
539,969	6415,94	
540,169	6408,98	
540,368	6502,37	
540,567	6522,44	
540,766	6523,67	
540,966	6501,55	
541,165	6489,67	
541,364	6479,43	
541,563	6396,28	
541,762	6490,08	
541,962	6556,44	
542,161	6538,82	
542,36	6598,21	
542,559	6551,93	
542,758	6604,77	
542,957	6626,48	
543,156	6707,99	
543,355	6833,32	
543,555	6867,73	
543,754	6929,98	
543,953	6963,16	
544,152	7034,43	
544,351	7074,98	
544,55	7125,77	
544,749	7138,88	
544,948	7115,12	
545,146	6930,8	
545,345	7006,17	
545,544	6978,32	
545,743	7038,94	
545,942	6898,04	
546,141	7137,24	
546,34	7040,17	
546,539	7050	
546,737	7057,78	
546,936	7100,79	
547,135	7201,96	
547,334	7215,47	
547,533	7074,57	
547,731	7227,35	
547,93	7304,76	
548,129	7351,87	
548,327	7547,65	
548,526	7663,57	
548,725	7873,28	
548,923	7944,14	
549,122	8088,32	
549,321	8110,84	
549,519	7978,54	
549,718	8025,65	
549,916	7943,32	
550,115	7900,31	
550,314	7847,47	
550,512	7726,64	
550,711	7804,47	
550,909	7891,71	
551,108	7804,88	
551,306	7951,1	
551,505	8060,46	
551,703	8069,88	
551,901	8152,21	
552,1	8153,44	
552,298	8347,18	
552,497	8286,97	
552,695	8391,83	
552,893	8350,87	
553,092	8530,27	
553,29	8407,39	
553,488	8613,01	
553,687	8781,35	
553,885	8800,19	
554,083	8907,91	
554,281	9010,31	
554,48	9082,4	
554,678	9210,19	
554,876	9295,39	
555,074	9430,15	
555,272	9598,08	
555,471	9611,6	
555,669	9750,86	
555,867	9711,95	
556,065	9647,23	
556,263	9954,43	
556,461	9965,48	
556,659	10027,74	
556,857	10001,12	
557,055	10265,72	
557,253	10325,52	
557,451	10329,61	
557,649	10430,37	
557,847	10427,92	
558,045	10571,27	
558,243	10784,67	
558,441	10751,9	
558,639	10985,37	
558,837	11037,39	
559,035	11224,58	
559,233	11474,84	
559,431	11709,94	
559,628	11967,58	
559,826	12312,46	
560,024	12469,74	
560,222	12758,09	
560,42	12721,23	
560,617	12960,02	
560,815	13034,57	
561,013	13243,05	
561,211	13422,46	
561,408	13840,65	
561,606	14083,95	
561,804	14106,89	
562,001	14178,57	
562,199	14252,7	
562,397	14464,05	
562,594	14390,74	
562,792	14645,5	
562,99	14928,12	
563,187	15151,35	
563,385	15359,01	
563,582	15773,11	
563,78	16105,29	
563,977	16509,56	
564,175	16706,99	
564,372	16990,02	
564,57	17079,72	
564,767	17368,07	
564,965	17658,47	
565,162	17529,86	
565,359	17917,75	
565,557	18108,21	
565,754	18322,43	
565,952	18729,15	
566,149	19042,9	
566,346	19857,17	
566,544	22728,43	
566,741	34290,85	
566,938	57939,15	
567,135	64105,18	
567,333	64028,99	
567,53	64002,78	
567,727	64085,93	
567,924	63972,06	
568,121	64040,87	
568,319	64080,6	
568,516	64056,43	
568,713	64083,06	
568,91	64028,58	
569,107	64053,57	
569,304	64012,2	
569,501	64110,5	
569,698	64031,45	
569,896	64010,15	
570,093	63971,24	
570,29	64053,57	
570,487	64107,63	
570,684	64064,22	
570,881	64021,62	
571,078	64079,78	
571,275	64076,91	
571,471	64110,09	
571,668	63997,45	
571,865	64068,72	
572,062	64096,17	
572,259	64016,7	
572,456	64013,02	
572,653	64088,79	
572,85	64056,43	
573,046	64012,61	
573,243	63985,17	
573,44	64052,75	
573,637	64001,55	
573,834	64040,87	
574,03	64067,08	
574,227	64068,31	
574,424	64056,84	
574,62	64058,48	
574,817	64068,31	
575,014	64068,72	
575,21	64013,02	
575,407	64073,64	
575,604	64112,55	
575,8	64061,76	
575,997	63969,19	
576,193	64112,96	
576,39	64081,42	
576,586	64062,58	
576,783	64097,8	
576,98	63993,36	
577,176	64026,12	
577,373	64071,18	
577,569	64037,18	
577,765	64038	
577,962	64018,75	
578,158	63999,09	
578,355	64088,38	
578,551	64084,7	
578,747	64073,23	
578,944	64082,24	
579,14	63983,94	
579,336	63944,21	
579,533	64073,64	
579,729	64057,25	
579,925	64049,47	
580,122	64068,31	
580,318	64069,95	
580,514	64041,69	
580,71	64030,22	
580,907	64024,9	
581,103	64050,29	
581,299	64061,76	
581,495	64030,63	
581,691	64061,35	
581,887	64079,78	
582,083	64077,32	
582,28	64017,11	
582,476	64017,11	
582,672	64091,25	
582,868	64026,12	
583,064	64071,18	
583,26	63945,84	
583,456	64101,08	
583,652	64048,24	
583,848	64026,12	
584,044	64048,65	
584,24	64061,35	
584,436	64079,78	
584,632	64101,08	
584,827	64005,65	
585,023	64049,06	
585,219	64069,13	
585,415	64101,9	
585,611	64073,23	
585,807	64054,39	
586,003	64016,29	
586,198	63962,23	
586,394	63981,89	
586,59	64035,55	
586,786	64035,96	
586,981	63932,33	
587,177	64101,08	
587,373	64069,54	
587,568	64039,23	
587,764	63980,25	
587,96	64051,93	
588,155	64033,09	
588,351	64031,45	
588,547	64121,97	
588,742	64058,07	
588,938	64093,71	
589,133	63977,38	
589,329	64074,46	
589,524	64028,58	
589,72	64036,77	
589,915	64005,24	
590,111	63984,35	
590,306	64013,02	
590,502	64008,1	
590,697	64034,73	
590,893	64117,87	
591,088	64066,67	
591,284	64038	
591,479	64047,01	
591,674	64068,72	
591,87	64065,04	
592,065	64023,67	
592,26	63998,27	
592,456	64024,08	
592,651	64069,95	
592,846	64070,36	
593,041	64055,62	
593,237	64020,8	
593,432	64086,74	
593,627	64114,19	
593,822	64081,83	
594,017	64018,75	
594,213	63989,26	
594,408	64024,08	
594,603	64035,96	
594,798	64059,3	
594,993	64024,08	
595,188	64035,96	
595,383	64021,62	
595,578	64043,33	
595,773	64044,97	
595,968	64108,45	
596,163	64066,67	
596,358	64073,64	
596,553	64053,57	
596,748	64114,19	
596,943	64173,58	
597,138	64008,51	
597,333	64013,84	
597,528	64055,21	
597,723	63998,27	
597,918	64078,14	
598,113	64088,38	
598,308	64013,43	
598,502	64024,9	
598,697	64085,11	
598,892	64064,63	
599,087	64066,67	
599,281	64089,2	
599,476	64004,83	
599,671	63929,05	
599,866	64009,33	
600,06	64110,91	
600,255	64055,62	
600,45	64029,81	
600,644	64012,61	
600,839	64049,88	
601,034	64052,75	
601,228	64055,21	
601,423	64064,22	
601,617	63967,14	
601,812	64011,79	
602,007	63976,56	
602,201	64074,46	
602,396	64026,94	
602,59	64066,67	
602,785	64028,99	
602,979	63998,27	
603,173	63999,91	
603,368	64069,54	
603,562	64031,45	
603,757	64004,01	
603,951	64048,24	
604,146	63996,22	
604,34	63961	
604,534	64094,12	
604,729	64067,49	
604,923	64013,02	
605,117	64012,61	
605,311	64049,47	
605,506	64032,68	
605,7	64006,87	
605,894	63945,03	
606,088	64068,72	
606,283	64055,21	
606,477	63892,6	
606,671	64037,59	
606,865	64059,71	
607,059	64069,54	
607,253	64027,35	
607,448	64044,97	
607,642	64066,67	
607,836	64020,8	
608,03	63905,29	
608,224	64068,31	
608,418	64021,62	
608,612	64090,02	
608,806	63936,42	
609	64013,43	
609,194	64034,73	
609,388	64091,66	
609,582	64047,42	
609,776	63974,11	
609,97	64092,48	
610,163	64031,04	
610,357	64067,08	
610,551	64085,11	
610,745	64078,14	
610,939	64064,22	
611,133	64047,83	
611,327	64024,49	
611,52	64060,94	
611,714	64032,27	
611,908	63964,69	
612,102	64055,62	
612,295	64022,85	
612,489	63992,95	
612,683	64047,83	
612,876	64093,71	
613,07	64033,5	
613,264	64123,2	
613,457	64001,96	
613,651	64073,64	
613,844	64017,52	
614,038	64020,39	
614,232	64075,69	
614,425	64049,47	
614,619	64084,29	
614,812	64086,34	
615,006	64029,4	
615,199	64001,14	
615,393	64045,79	
615,586	64062,17	
615,78	64075,28	
615,973	64035,14	
616,166	64025,72	
616,36	64006,05	
616,553	64072	
616,747	64066,67	
616,94	64107,22	
617,133	64061,35	
617,327	64019,57	
617,52	64050,7	
617,713	64017,93	
617,906	64074,46	
618,1	63961,41	
618,293	64015,48	
618,486	64033,5	
618,679	64026,12	
618,873	64095,76	
619,066	64059,71	
619,259	64068,31	
619,452	63953,63	
619,645	64039,64	
619,838	64082,24	
620,031	64050,7	
620,224	64097,8	
620,418	63987,21	
620,611	64000,32	
620,804	64120,33	
620,997	64009,74	
621,19	64058,07	
621,383	64014,25	
621,576	64087,97	
621,769	64005,24	
621,962	64070,36	
622,154	64022,85	
622,347	63986,8	
622,54	63987,62	
622,733	64040,46	
622,926	64044,97	
623,119	64067,08	
623,312	64050,29	
623,504	64076,5	
623,697	64021,62	
623,89	64015,07	
624,083	64042,51	
624,276	64055,21	
624,468	64042,51	
624,661	63983,12	
624,854	64033,09	
625,046	64069,95	
625,239	64059,3	
625,432	64010,97	
625,624	64045,79	
625,817	64005,65	
626,01	63991,31	
626,202	64069,54	
626,395	64031,45	
626,587	63913,08	
626,78	63995,41	
626,972	63951,17	
627,165	64052,34	
627,358	64020,39	
627,55	64022,44	
627,742	64076,91	
627,935	64004,83	
628,127	63998,27	
628,32	64066,67	
628,512	64086,74	
628,705	64037,18	
628,897	64051,52	
629,089	64024,08	
629,282	63974,93	
629,474	63983,12	
629,666	64042,1	
629,859	64010,15	
630,051	63921,27	
630,243	64047,42	
630,435	64065,86	
630,628	63989,67	
630,82	64051,93	
631,012	64022,85	
631,204	63934,79	
631,396	63988,03	
631,589	64056,03	
631,781	63986,8	
631,973	63995,41	
632,165	63997,86	
632,357	64001,55	
632,549	64069,95	
632,741	64015,48	
632,933	64095,35	
633,125	64060,53	
633,317	63976,56	
633,509	64049,06	
633,701	63992,13	
633,893	64031,45	
634,085	64025,72	
634,277	64084,29	
634,469	63982,3	
634,661	63988,44	
634,853	64039,23	
635,045	63990,08	
635,237	64061,76	
635,428	64070,77	
635,62	64061,76	
635,812	64081,83	
636,004	64026,53	
636,196	63984,76	
636,387	64057,25	
636,579	63977,38	
636,771	63986,39	
636,963	64039,64	
637,154	64060,53	
637,346	64024,49	
637,538	63997,86	
637,729	63999,09	
637,921	63999,09	
638,112	63969,6	
638,304	64022,85	
638,496	63964,69	
638,687	64062,99	
638,879	64052,75	
639,07	64068,72	
639,262	64069,13	
639,453	64078,55	
639,645	64019,16	
639,836	64096,58	
640,028	64020,8	
640,219	64048,65	
640,411	63996,63	
640,602	64035,55	
640,793	64010,56	
640,985	64024,9	
641,176	64096,17	
641,368	63982,71	
641,559	63998,27	
641,75	64062,17	
641,942	63969,6	
642,133	64013,43	
642,324	64004,01	
642,515	63995,41	
642,707	63999,91	
642,898	64083,47	
643,089	64087,97	
643,28	64021,62	
643,471	64032,27	
643,663	64016,7	
643,854	63995,41	
644,045	64030,22	
644,236	64064,63	
644,427	64003,19	
644,618	64093,3	
644,809	64048,65	
645	64038,41	
645,191	64054,39	
645,382	63997,45	
645,573	64053,57	
645,764	64027,76	
645,955	64009,74	
646,146	64081,42	
646,337	64069,95	
646,528	64043,33	
646,719	63996,22	
646,91	64006,05	
647,101	64031,45	
647,291	64034,32	
647,482	64040,05	
647,673	64066,27	
647,864	64002,37	
648,055	64081,42	
648,246	64014,66	
648,436	64091,66	
648,627	63926,59	
648,818	64029,4	
649,008	64060,94	
649,199	64038,82	
649,39	63995	
649,581	63999,91	
649,771	64040,87	
649,962	63965,51	
650,152	63947,89	
650,343	64056,84	
650,534	64042,92	
650,724	63924,55	
650,915	64081,42	
651,105	64044,56	
651,296	64023,26	
651,486	64065,04	
651,677	64016,7	
651,867	64006,05	
652,058	64015,89	
652,248	64014,25	
652,439	64084,7	
652,629	64040,05	
652,819	63960,59	
653,01	63998,68	
653,2	64024,49	
653,39	64051,52	
653,581	64052,75	
653,771	64050,29	
653,961	64039,64	
654,152	64089,2	
654,342	63999,91	
654,532	64078,55	
654,722	64127,29	
654,913	63998,27	
655,103	64084,29	
655,293	37574,15	
655,483	64010,15	
655,673	5988,33	
655,863	5985,87	
656,054	5845,79	
656,244	5880,2	
656,434	5772,47	
656,624	5738,07	
656,814	5668,03	
657,004	5685,64	
657,194	5561,12	
657,384	5585,7	
657,574	5491,49	
657,764	5480,43	
657,954	5448,07	
658,144	5412,44	
658,334	5391,96	
658,524	5296,93	
658,714	5334,62	
658,903	5232,63	
659,093	5318,23	
659,283	5271,13	
659,473	5358,78	
659,663	5298,98	
659,853	5289,15	
660,042	5300,21	
660,232	5261,3	
660,422	5117,53	
660,612	5108,52	
660,801	5074,93	
660,991	5016,36	
661,181	5008,58	
661,37	4901,68	
661,56	4863,58	
661,75	4880,79	
661,939	4859,08	
662,129	4801,74	
662,319	4806,65	
662,508	4760,78	
662,698	4716,54	
662,887	4714,49	
663,077	4612,5	
663,266	4601,85	
663,456	4549,43	
663,645	4540,41	
663,835	4484,3	
664,024	4505,6	
664,214	4427,78	
664,403	4454,81	
664,592	4364,7	
664,782	4410,16	
664,971	4415,08	
665,161	4348,73	
665,35	4344,63	
665,539	4409,34	
665,728	4348,32	
665,918	4441,7	
666,107	4355,69	
666,296	4578,92	
666,486	4718,18	
666,675	4914,37	
666,864	5142,93	
667,053	5296,93	
667,242	5321,1	
667,431	5201,91	
667,621	5124,5	
667,81	4839,01	
667,999	4669,85	
668,188	4439,65	
668,377	4267,22	
668,566	4251,24	
668,755	4134,92	
668,944	4057,91	
669,133	3965,35	
669,322	3944,87	
669,511	3892,03	
669,7	3787,99	
669,889	3797,41	
670,078	3667,16	
670,267	3618,42	
670,456	3661,02	
670,645	3631,53	
670,834	3556,98	
671,022	3537,32	
671,211	3505,78	
671,4	3484,48	
671,589	3450,9	
671,778	3445,16	
671,966	3402,15	
672,155	3345,63	
672,344	3354,64	
672,533	3306,31	
672,721	3283,37	
672,91	3296,89	
673,099	3285,01	
673,287	3273,13	
673,476	3221,52	
673,665	3423,86	
673,853	3588,93	
674,042	3851,48	
674,23	4209,46	
674,419	4707,12	
674,607	4882,02	
674,796	4956,56	
674,984	4934,85	
675,173	4694,83	
675,361	4448,67	
675,55	4169,32	
675,738	3990,74	
675,927	3760,96	
676,115	3633,98	
676,304	3457,04	
676,492	3382,9	
676,68	3307,95	
676,869	3144,93	
677,057	3097,83	
677,245	2994,61	
677,434	2945,05	
677,622	2860,26	
677,81	2829,54	
677,998	2760,73	
678,187	2667,75	
678,375	2676,35	
678,563	2612,87	
678,751	2659,15	
678,939	2544,87	
679,128	2577,64	
679,316	2602,63	
679,504	2525,21	
679,692	2543,24	
679,88	2481,39	
680,068	2526,44	
680,256	2488,35	
680,444	2421,18	
680,632	2482,62	
680,82	2390,05	
681,008	2405,61	
681,196	2357,69	
681,384	2398,65	
681,572	2408,48	
681,76	2369,16	
681,948	2340,9	
682,136	2355,64	
682,324	2335,57	
682,511	2338,85	
682,699	2314,27	
682,887	2299,12	
683,075	2262,66	
683,263	2241,37	
683,451	2227,44	
683,638	2240,14	
683,826	2170,51	
684,014	2200,41	
684,201	2173,78	
684,389	2174,19	
684,577	2217,61	
684,765	2217,61	
684,952	2179,93	
685,14	2166,82	
685,327	2187,71	
685,515	2292,97	
685,703	2525,62	
685,89	2741,07	
686,078	3114,62	
686,265	3475,88	
686,453	3663,88	
686,64	3765,46	
686,828	3728,6	
687,015	3594,25	
687,203	3375,94	
687,39	3059,73	
687,578	3010,58	
687,765	2899,58	
687,952	2745,58	
688,14	2728,78	
688,327	2585,42	
688,514	2533	
688,702	2423,63	
688,889	2351,96	
689,076	2249,56	
689,264	2101,28	
689,451	2116,85	
689,638	2070,16	
689,825	2009,13	
690,012	1984,96	
690,2	2009,13	
690,387	2018,55	
690,574	1985,37	
690,761	1980,04	
690,948	1929,66	
691,135	1966,94	
691,322	1981,27	
691,51	1972,67	
691,697	1980,45	
691,884	2010,76	
692,071	2019,78	
692,258	2127,5	
692,445	2294,2	
692,632	2400,7	
692,819	2580,92	
693,006	2713,63	
693,192	2759,91	
693,379	2868,86	
693,566	2769,74	
693,753	2730,42	
693,94	2638,26	
694,127	2612,87	
694,314	2631,71	
694,501	3005,26	
694,687	4901,68	
694,874	12310,41	
695,061	27831,96	
695,248	51103,03	
695,434	64045,38	
695,621	64080,6	
695,808	64066,67	
695,994	64019,98	
696,181	64023,26	
696,368	63960,18	
696,554	63988,03	
696,741	64035,55	
696,928	63924,96	
697,114	63990,49	
697,301	64026,53	
697,487	64040,46	
697,674	64056,84	
697,86	63992,95	
698,047	64049,47	
698,233	64008,51	
698,42	62928,41	
698,606	40525,68	
698,793	9824,17	
698,979	7543,15	
699,165	5894,53	
699,352	4581,78	
699,538	3626,61	
699,725	3062,6	
699,911	2628,02	
700,097	2348,68	
700,284	2187,71	
700,47	2066,06	
700,656	2015,27	
700,842	1914,1	
701,029	1843,24	
701,215	1822,35	
701,401	1910,82	
701,587	2098,42	
701,773	2366,29	
701,96	2654,24	
702,146	2977,81	
702,332	3200,22	
702,518	3308,77	
702,704	3209,64	
702,89	3121,99	
703,076	2917,19	
703,262	2649,73	
703,448	2496,95	
703,634	2374,89	
703,82	2370,8	
704,006	2199,18	
704,192	2139,38	
704,378	2155,35	
704,564	2151,66	
704,75	2642,36	
704,936	4769,79	
705,122	10904,27	
705,307	21670,85	
705,493	37112,13	
705,679	54607,93	
705,865	63983,12	
706,051	63994,59	
706,237	64080,6	
706,422	64022,85	
706,608	64042,1	
706,794	63956,08	
706,979	62818,64	
707,165	47680,47	
707,351	35580,66	
707,536	29565,77	
707,722	24421,69	
707,908	19834,65	
708,093	16512,84	
708,279	13627,25	
708,465	11554,71	
708,65	9558,35	
708,836	7786,04	
709,021	6253,34	
709,207	4993,02	
709,392	4066,11	
709,578	3395,6	
709,763	2910,23	
709,949	2590,75	
710,134	2405,2	
710,319	2132	
710,505	2055,41	
710,69	1939,09	
710,876	1886,66	
711,061	1785,9	
711,246	1719,54	
711,431	1735,93	
711,617	1767,47	
711,802	1738,79	
711,987	1746,17	
712,173	1701,11	
712,358	1683,5	
712,543	1690,46	
712,728	1691,28	
712,913	1891,98	
713,099	2462,55	
713,284	3613,09	
713,469	5164,23	
713,654	7008,22	
713,839	8762,92	
714,024	9947,05	
714,209	10347,23	
714,394	10053,55	
714,579	9125,41	
714,764	7944,14	
714,949	6794	
715,134	5977,68	
715,319	5190,44	
715,504	4469,96	
715,689	4055,05	
715,874	3482,43	
716,059	3193,26	
716,244	2877,05	
716,429	2549,38	
716,613	2394,55	
716,798	2197,95	
716,983	2035,34	
717,168	1872,32	
717,353	1758,04	
717,537	1669,16	
717,722	1556,93	
717,907	1522,12	
718,092	1507,37	
718,276	1449,62	
718,461	1432,01	
718,646	1447,16	
718,83	1501,23	
719,015	1452,9	
719,2	1490,17	
719,384	1567,17	
719,569	1597,48	
719,753	1663,02	
719,938	1736,34	
720,122	1771,56	
720,307	1746,99	
720,491	1685,55	
720,676	1705,21	
720,86	1607,72	
721,045	1547,1	
721,229	1546,28	
721,414	1531,54	
721,598	1492,63	
721,782	1515,57	
721,967	1545,47	
722,151	1484,44	
722,335	1425,45	
722,52	1465,19	
722,704	1453,31	
722,888	1418,49	
723,073	1405,38	
723,257	1432,83	
723,441	1461,5	
723,625	1465,59	
723,809	1422,59	
723,994	1393,92	
724,178	1439,79	
724,362	1431,19	
724,546	1439,38	
724,73	1430,78	
724,914	1457,4	
725,098	1507,37	
725,282	1675,72	
725,466	2351,96	
725,65	4245,1	
725,834	7896,22	
726,018	13067,34	
726,202	19368,53	
726,386	25781,13	
726,57	30174,43	
726,754	32139,66	
726,938	31688,7	
727,122	29291,35	
727,306	24871,42	
727,49	20751,32	
727,674	17324,66	
727,857	14422,27	
728,041	12101,93	
728,225	9988,01	
728,409	8119,04	
728,593	6702,25	
728,776	5663,93	
728,96	4927,48	
729,144	4404,02	
729,327	3953,06	
729,511	3480,8	
729,695	3086,77	
729,878	2746,8	
730,062	2450,26	
730,246	2323,28	
730,429	2127,91	
730,613	2107,84	
730,796	1970,62	
730,98	1871,09	
731,163	1805,15	
731,347	1737,56	
731,53	1706,44	
731,714	1634,76	
731,897	1551,61	
732,081	1529,9	
732,264	1524,99	
732,448	1459,86	
732,631	1479,93	
732,814	1475,83	
732,998	1465,19	
733,181	1489,35	
733,364	1520,07	
733,548	1440,2	
733,731	1561,85	
733,914	1632,71	
734,098	1751,08	
734,281	1905,91	
734,464	2041,07	
734,647	2188,94	
734,83	2136,51	
735,014	2228,26	
735,197	2180,75	
735,38	2123,4	
735,563	2218,84	
735,746	2326,56	
735,929	2518,25	
736,112	2985,19	
736,295	3577,05	
736,478	5138,42	
736,661	10733,88	
736,844	23246,56	
737,027	42244,75	
737,21	64048,24	
737,393	64017,52	
737,576	63955,27	
737,759	64052,34	
737,942	64147,36	
738,125	64082,65	
738,308	63977,79	
738,491	64061,76	
738,673	64133,03	
738,856	64020,39	
739,039	64029,81	
739,222	63943,39	
739,405	64024,49	
739,587	63981,89	
739,77	64091,66	
739,953	63999,09	
740,136	33154,63	
740,318	14684	
740,501	12577,87	
740,684	10979,64	
740,866	9045,95	
741,049	7418,63	
741,231	5893,71	
741,414	4750,54	
741,597	3772,84	
741,779	3172,78	
741,962	2698,88	
742,144	2392,91	
742,327	2342,13	
742,509	2218,84	
742,692	2226,21	
742,874	2186,48	
743,056	2129,55	
743,239	2123,81	
743,421	2026,74	
743,604	1913,69	
743,786	1849,79	
743,968	1699,06	
744,151	1698,65	
744,333	1617,14	
744,515	1611,82	
744,698	1609,77	
744,88	1625,34	
745,062	1520,89	
745,244	1542,19	
745,426	1604,04	
745,609	1643,77	
745,791	1678,17	
745,973	1633,53	
746,155	1737,97	
746,337	1769,1	
746,519	1820,71	
746,701	1858,8	
746,884	1916,97	
747,066	1908,37	
747,248	2022,23	
747,43	1998,48	
747,612	2094,32	
747,794	2092,68	
747,976	2144,29	
748,158	2352,37	
748,339	2732,47	
748,521	4524,44	
748,703	10312	
748,885	21498,42	
749,067	37852,27	
749,249	58340,96	
749,431	63973,29	
749,613	63983,94	
749,794	63919,63	
749,976	63967,55	
750,158	64087,56	
750,34	63975,74	
750,521	64010,15	
750,703	64018,75	
750,885	64098,62	
751,066	63911,44	
751,248	64034,32	
751,43	64026,12	
751,611	64112,14	
751,793	63996,22	
751,975	63957,72	
752,156	64034,73	
752,338	64062,17	
752,519	64100,26	
752,701	64026,12	
752,882	64038	
753,064	63967,55	
753,245	64132,62	
753,427	64050,29	
753,608	64043,74	
753,79	63093,07	
753,971	18788,54	
754,152	8132,55	
754,334	6473,7	
754,515	5246,55	
754,697	4276,23	
754,878	3474,65	
755,059	2959,79	
755,24	2584,6	
755,422	2270,04	
755,603	2146,75	
755,784	2014,45	
755,965	1946,05	
756,147	1898,13	
756,328	1897,72	
756,509	1941,13	
756,69	1870,68	
756,871	1860,44	
757,052	1884,2	
757,234	1880,1	
757,415	1845,7	
757,596	1894,85	
757,777	1887,89	
757,958	1869,04	
758,139	1849,79	
758,32	1889,52	
758,501	1968,99	
758,682	1953,01	
758,863	1971,85	
759,044	2031,24	
759,225	2105,79	
759,405	2187,3	
759,586	2235,22	
759,767	2296,25	
759,948	2431,01	
760,129	2504,32	
760,31	2649,32	
760,49	2745,98	
760,671	2846,34	
760,852	2950,37	
761,033	3133,87	
761,213	3481,21	
761,394	4719	
761,575	10367,3	
761,756	31630,13	
761,936	64053,16	
762,117	64103,95	
762,297	64049,88	
762,478	64039,23	
762,659	64043,33	
762,839	64046,6	
763,02	64058,48	
763,2	63988,85	
763,381	64059,71	
763,561	64097,39	
763,742	64037,59	
763,922	64006,05	
764,103	63981,07	
764,283	64068,72	
764,464	64034,73	
764,644	64042,51	
764,824	63997,04	
765,005	64084,7	
765,185	64046,6	
765,365	64047,01	
765,546	64020,39	
765,726	64007,28	
765,906	64042,1	
766,087	64059,71	
766,267	64083,06	
766,447	64041,28	
766,627	64059,71	
766,807	63977,38	
766,988	64034,73	
767,168	64092,07	
767,348	64067,08	
767,528	64040,87	
767,708	64094,12	
767,888	64063,4	
768,068	64024,49	
768,248	64032,27	
768,428	64044,97	
768,608	64053,16	
768,788	64070,36	
768,968	64054,8	
769,148	64034,32	
769,328	64069,13	
769,508	64047,83	
769,688	64021,21	
769,868	64054,39	
770,048	64069,95	
770,228	64040,87	
770,408	64015,07	
770,588	64019,57	
770,767	64064,22	
770,947	64033,91	
771,127	64029,4	
771,307	64102,72	
771,487	63995,41	
771,666	64045,38	
771,846	64003,6	
772,026	63974,93	
772,205	64039,23	
772,385	63980,66	
772,565	64025,31	
772,744	64020,39	
772,924	64116,65	
773,103	63956,9	
773,283	64074,05	
773,463	64060,12	
773,642	64050,29	
773,822	64018,75	
774,001	64019,98	
774,181	64015,89	
774,36	64042,92	
774,54	64036,77	
774,719	63927,41	
774,898	64069,54	
775,078	63999,09	
775,257	63988,44	
775,437	63989,67	
775,616	64105,18	
775,795	64056,84	
775,975	64040,05	
776,154	64028,58	
776,333	64028,99	
776,512	64066,27	
776,692	64058,07	
776,871	64041,28	
777,05	63980,66	
777,229	64019,98	
777,408	64101,08	
777,588	64055,62	
777,767	64059,71	
777,946	64056,43	
778,125	64052,75	
778,304	64035,96	
778,483	63951,17	
778,662	63978,2	
778,841	64015,89	
779,02	64009,74	
779,199	64049,06	
779,378	63996,22	
779,557	64016,7	
779,736	64075,69	
779,915	64039,64	
780,094	64077,32	
780,273	64060,53	
780,452	64027,35	
780,631	1699,06	
780,81	9277,78	
780,988	1349,68	
781,167	1367,29	
781,346	1293,16	
781,525	1302,58	
781,704	1308,72	
781,882	1286,19	
782,061	1267,76	
782,24	1244,41	
782,418	1230,49	
782,597	1219,43	
782,776	1259,98	
782,954	1224,75	
783,133	1234,99	
783,312	1221,48	
783,49	1246,05	
783,669	1173,96	
783,847	1195,26	
784,026	1221,07	
784,204	1161,68	
784,383	1190,76	
784,561	1196,08	
784,74	1212,88	
784,918	1163,72	
785,097	1167,82	
785,275	1212,88	
785,454	1239,91	
785,632	1226,39	
785,81	1273,09	
785,989	1290,29	
786,167	1223,12	
786,345	1221,89	
786,524	1240,32	
786,702	1260,39	
786,88	1209,6	
787,058	1198,95	
787,237	1193,62	
787,415	1229,67	
787,593	1275,54	
787,771	1284,14	
787,949	1347,22	
788,127	1468,05	
788,306	1404,57	
788,484	1487,3	
788,662	1439,79	
788,84	1430,37	
789,018	1414,81	
789,196	1384,5	
789,374	1357,46	
789,552	1293,97	
789,73	1283,74	
789,908	1329,2	
790,086	1361,97	
790,264	1373,44	
790,442	1457,4	
790,62	1366,47	
790,797	1447,16	
790,975	1438,97	
791,153	1482,39	
791,331	1433,65	
791,509	1472,56	
791,687	1522,12	
791,864	1535,23	
792,042	1596,26	
792,22	1678,58	
792,398	1700,29	
792,575	1832,18	
792,753	2201,23	
792,931	4415,9	
793,108	11404,8	
793,286	25091,78	
793,463	44628,99	
793,641	64055,62	
793,819	64043,33	
793,996	64058,89	
794,174	64022,03	
794,351	64090,02	
794,529	64010,97	
794,706	64073,23	
794,884	64073,23	
795,061	63989,26	
795,239	63967,14	
795,416	63663,22	
795,593	38635,41	
795,771	24538,83	
795,948	21792,5	
796,126	19600,77	
796,303	17601,95	
796,48	16167,96	
796,658	14712,68	
796,835	13774,3	
797,012	12595,9	
797,189	12006,08	
797,367	11266,76	
797,544	10386,14	
797,721	9219,61	
797,898	8034,25	
798,075	6817,35	
798,252	5857,67	
798,43	4910,69	
798,607	4643,63	
798,784	5955,97	
798,961	10512,29	
799,138	18676,72	
799,315	29400,3	
799,492	41873,66	
799,669	55781,41	
799,846	64053,16	
800,023	64003,19	
800,2	64087,56	
800,377	64020,39	
800,554	64062,58	
800,731	64010,97	
800,907	64074,46	
801,084	64051,11	
801,261	63975,34	
801,438	64066,27	
801,615	64068,72	
801,792	63955,27	
801,968	64080,6	
802,145	64019,98	
802,322	64066,67	
802,499	64018,75	
802,675	62042,46	
802,852	42810,4	
803,029	22554,35	
803,205	21033,12	
803,382	19312,82	
803,558	17705,58	
803,735	15987,74	
803,912	14638,95	
804,088	13085,77	
804,265	11910,24	
804,441	10570,45	
804,618	9016,87	
804,794	7602,13	
804,971	6458,13	
805,147	5222,8	
805,324	4370,84	
805,5	3775,29	
805,676	3291,15	
805,853	2958,56	
806,029	2816,84	
806,206	2628,02	
806,382	2601,4	
806,558	2610,41	
806,735	2645,63	
806,911	2664,48	
807,087	2766,87	
807,263	2889,75	
807,44	3026,15	
807,616	3071,2	
807,792	3198,59	
807,968	3341,94	
808,144	3652,01	
808,32	4674,76	
808,497	8487,26	
808,673	18042,67	
808,849	34420,69	
809,025	55357,07	
809,201	64110,5	
809,377	64048,24	
809,553	64107,63	
809,729	64018,75	
809,905	64086,34	
810,081	63995,41	
810,257	64046,19	
810,433	64068,72	
810,609	64070,77	
810,785	63960,59	
810,96	64066,67	
811,136	64078,55	
811,312	64042,51	
811,488	64117,87	
811,664	64029,4	
811,84	64069,95	
812,015	64074,46	
812,191	64069,95	
812,367	64074,87	
812,542	63961,82	
812,718	64029,81	
812,894	64032,27	
813,07	64011,79	
813,245	63967,96	
813,421	64019,16	
813,596	64062,58	
813,772	63943,39	
813,948	64049,06	
814,123	64087,15	
814,299	64036,36	
814,474	63999,5	
814,65	64109,27	
814,825	63978,61	
815,001	63990,08	
815,176	63988,44	
815,352	64086,74	
815,527	63997,86	
815,702	64097,39	
815,878	64021,62	
816,053	64008,92	
816,228	64088,38	
816,404	64037,18	
816,579	64081,01	
816,754	64116,24	
816,93	63983,12	
817,105	63974,52	
817,28	64019,16	
817,455	63985,58	
817,631	64055,62	
817,806	63976,97	
817,981	64073,23	
818,156	64089,2	
818,331	64125,25	
818,506	64029,4	
818,681	64039,23	
818,856	64058,48	
819,032	64037,18	
819,207	64062,17	
819,382	63985,58	
819,557	64067,49	
819,732	64082,24	
819,907	64013,84	
820,082	64043,74	
820,256	64121,15	
820,431	63987,62	
820,606	64034,32	
820,781	64065,45	
820,956	64065,45	
821,131	64070,77	
821,306	64066,67	
821,481	64045,38	
821,655	64000,32	
821,83	64017,52	
822,005	64095,35	
822,18	64084,29	
822,354	64030,63	
822,529	64071,59	
822,704	64052,34	
822,878	64067,49	
823,053	64022,44	
823,228	64055,21	
823,402	64034,73	
823,577	64073,23	
823,751	64101,08	
823,926	64087,15	
824,101	64094,94	
824,275	64007,69	
824,45	64076,5	
824,624	64112,55	
824,799	64022,44	
824,973	63978,2	
825,147	63982,3	
825,322	64056,84	
825,496	64073,23	
825,671	64065,04	
825,845	64003,19	
826,019	64093,71	
826,194	63998,27	
826,368	64028,58	
826,542	64019,98	
826,717	64096,98	
826,891	64045,79	
827,065	64076,5	
827,239	64062,99	
827,414	64049,88	
827,588	64092,07	
827,762	64003,19	
827,936	64088,38	
828,11	64006,87	
828,284	64060,12	
828,458	64018,75	
828,632	64018,75	
828,807	64098,21	
828,981	64071,59	
829,155	63962,23	
829,329	64081,42	
829,503	64089,2	
829,677	64008,51	
829,851	64058,48	
830,025	64040,87	
830,198	64044,97	
830,372	64058,48	
830,546	63982,71	
830,72	63962,23	
830,894	64102,72	
831,068	63963,87	
831,242	64030,22	
831,415	64029,4	
831,589	64056,43	
831,763	64013,02	
831,937	64054,8	
832,11	64044,97	
832,284	64017,11	
832,458	64071,59	
832,631	64060,94	
832,805	64096,98	
832,979	64012,2	
833,152	64025,72	
833,326	64007,69	
833,5	64107,22	
833,673	64035,96	
833,847	64051,11	
834,02	64048,65	
834,194	64083,47	
834,367	64023,67	
834,541	64019,16	
834,714	64043,74	
834,888	63983,94	
835,061	64019,98	
835,234	64069,95	
835,408	64028,58	
835,581	64072,41	
835,754	64091,66	
835,928	64040,87	
836,101	64003,19	
836,274	64024,08	
836,448	64026,53	
836,621	64073,23	
836,794	63938,88	
836,967	64118,28	
837,141	64005,65	
837,314	64074,46	
837,487	63980,66	
837,66	64045,38	
837,833	64021,21	
838,006	64095,76	
838,179	63992,13	
838,353	64028,17	
838,526	64005,24	
838,699	64086,74	
838,872	63955,27	
839,045	64102,72	
839,218	64032,68	
839,391	63998,27	
839,564	64053,57	
839,736	64013,84	
839,909	64048,24	
840,082	64060,53	
840,255	64029,81	
840,428	64072,41	
840,601	64047,42	
840,774	64103,54	
840,947	64020,8	
841,119	64041,69	
841,292	64062,58	
841,465	63982,71	
841,638	64039,64	
841,81	63981,89	
841,983	64090,84	
842,156	64037,18	
842,328	63948,3	
842,501	64087,15	
842,674	64073,23	
842,846	64044,97	
843,019	63978,61	
843,191	64081,83	
843,364	63972,06	
843,537	64078,96	
843,709	64010,15	
843,882	64036,36	
844,054	64030,22	
844,226	64070,36	
844,399	64089,61	
844,571	64037,59	
844,744	64013,02	
844,916	63949,12	
845,089	64087,56	
845,261	64061,76	
845,433	64074,46	
845,606	64044,56	
845,778	63990,08	
845,95	64077,73	
846,122	64008,51	
846,295	64030,22	
846,467	63989,67	
846,639	64059,71	
846,811	64090,84	
846,983	64094,53	
847,156	64090,02	
847,328	64010,56	
847,5	64054,39	
847,672	64028,99	
847,844	64046,6	
848,016	64054,8	
848,188	64041,28	
848,36	64092,48	
848,532	64096,58	
848,704	64031,45	
848,876	64072,41	
849,048	64005,24	
849,22	64021,21	
849,392	969,17	
849,564	64101,49	
849,736	886,84	
849,908	974,9	
850,08	1007,67	
850,251	1292,34	
850,423	1908,78	
850,595	3152,71	
850,767	5049,54	
850,939	7582,06	
851,11	10672,85	
851,282	13674,36	
851,454	16072,94	
851,625	17893,17	
851,797	18312,6	
851,969	17919,79	
852,14	16468,6	
852,312	15302,9	
852,484	13617,42	
852,655	12326,38	
852,827	10941,55	
852,998	10070,75	
853,17	9129,91	
853,341	8352,5	
853,513	7628,34	
853,684	7000,84	
853,856	6320,51	
854,027	5918,29	
854,199	5345,68	
854,37	5076,16	
854,541	4867,68	
854,713	4451,94	
854,884	4154,17	
855,055	4000,57	
855,227	3793,32	
855,398	3583,6	
855,569	3307,13	
855,741	3103,56	
855,912	2817,25	
856,083	2418,31	
856,254	1990,69	
856,425	1691,69	
856,597	1387,77	
856,768	1184,2	
856,939	982,27	
857,11	902,4	
857,281	769,69	
857,452	693,1	
857,623	668,12	
857,794	580,87	
857,965	586,61	
858,136	525,17	
858,307	529,67	
858,478	525,17	
858,649	530,08	
858,82	529,26	
858,991	530,08	
859,162	485,85	
859,333	506,74	
859,504	504,69	
859,674	522,71	
859,845	546,47	
860,016	512,06	
860,187	506,33	
860,358	486,67	
860,528	499,36	
860,699	518,61	
860,87	556,3	
861,04	525,17	
861,211	489,12	
861,382	471,1	
861,552	507,15	
861,723	538,68	
861,894	571,86	
862,064	493,63	
862,235	501	
862,405	503,46	
862,576	465,37	
862,746	514,52	
862,917	452,26	
863,087	479,7	
863,258	471,51	
863,428	458,4	
863,599	494,45	
863,769	437,51	
863,939	413,76	
864,11	485,85	
864,28	417,85	
864,45	436,7	
864,621	421,54	
864,791	491,17	
864,961	535,82	
865,132	548,51	
865,302	636,58	
865,472	756,18	
865,642	1044,94	
865,812	1307,49	
865,983	1746,58	
866,153	2121,76	
866,323	2473,2	
866,493	2800,46	
866,663	2964,71	
866,833	2917,19	
867,003	2845,11	
867,173	2716,49	
867,343	2547,74	
867,513	2260,21	
867,683	2105,38	
867,853	1930,89	
868,023	1836,69	
868,193	1746,17	
868,363	1654,01	
868,533	1518,02	
868,703	1372,21	
868,873	1321,01	
869,042	1297,66	
869,212	1218,61	
869,382	1182,57	
869,552	1133,82	
869,722	1044,12	
869,891	1008,08	
870,061	1010,54	
870,231	1011,76	
870,4	907,73	
870,57	901,58	
870,74	797,14	
870,909	737,34	
871,079	630,02	
871,249	593,16	
871,418	530,9	
871,588	494,04	
871,757	448,57	
871,927	420,31	
872,096	444,89	
872,266	387,54	
872,435	403,52	
872,605	401,88	
872,774	363,79	
872,943	414,58	
873,113	384,68	
873,282	387,13	
873,452	349,86	
873,621	355,6	
873,79	377,3	
873,96	338,39	
874,129	389,18	
874,298	359,69	
874,467	346,99	
874,637	383,45	
874,806	323,65	
874,975	346,99	
875,144	362,97	
875,313	363,38	
875,482	426,86	
875,652	361,33	
875,821	344,13	
875,99	394,1	
876,159	384,68	
876,328	350,27	
876,497	318,32	
876,666	358,87	
876,835	388,77	
877,004	328,97	
877,173	361,33	
877,342	375,67	
877,511	315,87	
877,679	316,27	
877,848	341,67	
878,017	340,85	
878,186	324,88	
878,355	360,92	
878,524	323,65	
878,692	394,92	
878,861	332,25	
879,03	332,66	
879,199	356,41	
879,367	334,3	
879,536	300,71	
879,705	295,79	
879,873	371,98	
880,042	318,73	
880,211	329,38	
880,379	335,53	
880,548	259,34	
880,716	328,97	
880,885	327,74	
881,054	328,97	
881,222	326,51	
881,391	344,54	
881,559	293,34	
881,727	337,16	
881,896	304,4	
882,064	348,22	
882,233	298,25	
882,401	348,22	
882,569	323,65	
882,738	300,71	
882,906	327,74	
883,074	345,77	
883,243	269,99	
883,411	322,83	
883,579	332,66	
883,747	255,65	
883,916	338,8	
884,084	302,35	
884,252	346,58	
884,42	349,45	
884,588	325,7	
884,756	306,44	
884,925	326,51	
885,093	300,71	
885,261	304,4	
885,429	288,42	
885,597	302,76	
885,765	313	
885,933	285,15	
886,101	283,92	
886,269	316,68	
886,437	279	
886,605	340,44	
886,772	324,06	
886,94	308,9	
887,108	328,15	
887,276	293,75	
887,444	305,63	
887,612	294,57	
887,779	318,32	
887,947	299,89	
888,115	337,98	
888,283	279,41	
888,45	284,74	
888,618	297,84	
888,786	332,66	
888,953	286,37	
889,121	335,53	
889,289	254,02	
889,456	313,82	
889,624	300,71	
889,792	332,25	
889,959	335,94	
890,127	254,84	
890,294	316,68	
890,462	340,03	
890,629	304,4	
890,797	275,72	
890,964	311,77	
891,131	284,74	
891,299	310,95	
891,466	282,69	
891,634	230,26	
891,801	303,99	
891,968	269,17	
892,135	256,88	
892,303	296,61	
892,47	325,29	
892,637	237,22	
892,805	268,35	
892,972	274,09	
893,139	283,51	
893,306	285,56	
893,473	269,99	
893,64	277,36	
893,808	273,68	
893,975	306,44	
894,142	243,37	
